%YAML:1.0
calibration_time: "Wed 06 Sep 2017 10:48:33 PM CEST"
image_width: 320
image_height: 240
board_width: 6
board_height: 6
square_size: 1.
aspectRatio: 1.
flags: 2
camera_matrix: !!opencv-matrix
   rows: 3
   cols: 3
   dt: d
   data: [ 5.4262473875985040e+02, 0., 3.2273201605261539e+02, 0.,
       5.4262473875985040e+02, 2.5042488960727380e+02, 0., 0., 1. ]
distortion_coefficients: !!opencv-matrix
   rows: 5
   cols: 1
   dt: d
   data: [ 1.0808655412260015e-01, -2.7156751932089240e-01,
       -5.7111917727329926e-04, 7.0058416314089239e-03,
       3.9927076218923579e-01 ]
avg_reprojection_error: 5.2392769427357522e-01
