%YAML:1.0
---
calibration_time: "Sat 17 Aug 2019 09:35:58 AM CEST"
image_width: 640
image_height: 480
board_width: 9
board_height: 6
square_size: 2.5250000879168510e-02
aspectRatio: 1.
flags: 2
camera_matrix: !!opencv-matrix
   rows: 3
   cols: 3
   dt: d
   data: [ 5.1416943158377990e+02, 0., 3.2291620348134325e+02, 0.,
       5.1416943158377990e+02, 2.4385032212734978e+02, 0., 0., 1. ]
distortion_coefficients: !!opencv-matrix
   rows: 5
   cols: 1
   dt: d
   data: [ 8.3813685255006945e-02, -2.1779702755097616e-01,
       -1.4201826199992326e-03, 1.3123117911732589e-03,
       9.1878877187839644e-02 ]
avg_reprojection_error: 6.4510259589878693e-01
