image_width: 640
image_height: 480
camera_name: narrow_stereo
camera_matrix:
  rows: 3
  cols: 3
  data: [511.658385, 0.000000, 313.536159, 0.000000, 510.328900, 246.343648, 0.000000, 0.000000, 1.000000]
distortion_model: plumb_bob
distortion_coefficients:
  rows: 1
  cols: 5
  data: [0.060255, -0.130757, -0.001632, -0.003824, 0.000000]
rectification_matrix:
  rows: 3
  cols: 3
  data: [1.000000, 0.000000, 0.000000, 0.000000, 1.000000, 0.000000, 0.000000, 0.000000, 1.000000]
projection_matrix:
  rows: 3
  cols: 4
  data: [513.292786, 0.000000, 310.966003, 0.000000, 0.000000, 514.699158, 245.775992, 0.000000, 0.000000, 0.000000, 1.000000, 0.000000]